-1 0.417554 0.157855
-1 0.27899 0.0575419
1 0.140354 0.826974
-1 0.466555 0.933699
1 0.356839 0.333766
-1 0.845097 0.543016
1 0.63132 0.949867
1 0.44327 0.884929
1 0.0103724 0.541411
-1 0.990877 0.726275
-1 0.955762 0.443369
-1 0.674876 0.0568459
1 0.444251 0.523634
1 0.300334 0.524334
-1 0.596361 0.445103
-1 0.598171 0.223706
1 0.200067 0.984947
-1 0.886817 0.191348
-1 0.8841 0.271754
-1 0.901081 0.113987
-1 0.912454 0.533174
-1 0.640525 0.289592
-1 0.743115 0.26544
-1 0.927822 0.0793773
1 0.206904 0.869083
-1 0.712835 0.717947
1 0.223684 0.930144
-1 0.879446 0.555069
1 0.301348 0.925317
-1 0.380442 0.0791074
-1 0.982303 0.587731
1 0.370325 0.709684
1 0.0994081 0.764673
1 0.0599338 0.126726
1 0.503366 0.945442
1 0.125048 0.954427
1 1 0.573293
-1 0.98814 0.146597
-1 0.847156 0.17711
1 0.115879 0.976287
-1 0.778428 0.019425
1 0.569121 0.961741
-1 0.627057 0.0310834
1 0.0987143 0.66706
1 0.574309 0.882236
-1 0.473664 0.783164
1 0.0594293 0.465527
1 0.677229 0.71427
1 0.287675 0.350575
-1 0.879392 0.0291392
1 0.456709 0.72329
-1 0 0.375524
1 0.620775 0.656801
1 0.553452 0.498399
-1 0.687969 0.0318433
1 0.303237 0.362508
-1 0.758824 0.320384
-1 0.62288 0.12377
1 0.177065 0.423614
-1 0.590435 0.420731
1 0.364439 0.771541
1 0.429634 0.840046
-1 0.972868 0.665684
-1 0.967296 0.436317
1 0.0807048 0.724001
1 0.305145 0.673751
1 0.515275 0.715237
1 0.381185 0.4839
-1 0.293189 0.0766923
-1 0.287494 0.185361
-1 0.735859 0.369659
1 0.31127 0.73256
1 0.00253243 0.523665
1 0.209795 0.519017
-1 0.459433 0.259863
-1 0.145452 0.249157
1 0.545709 0.992084
-1 0.933287 0.534043
-1 0.317909 0.419076
1 0.192816 0.937313
1 0.314826 0.358366
-1 0.889389 0.345331
1 0.3008 0.897078
1 0.0667552 0.577411
-1 0.842195 0.256965
1 0.326491 0.433943
1 0.837626 0.677964
-1 0.960578 0.264004
-1 0.92942 0.517646
1 0.032061 0.788503
-1 0.264858 0.125832
-1 0.399084 0.343829
1 0.374918 0.912272
-1 0.672321 0.051468
1 0.254296 0.631239
-1 0.906173 0.00662715
1 0.672811 0.13173
-1 0.347361 0.0291204
1 0.237454 0.976325
-1 0.872825 0.397724
